23.5
26.6
26.7
26.7
26.7
26.7
26.7
26.7
26.8
26.8
26.8
26.7
26.7
26.7
26.7
26.7
26.7
26.6
26.6
26.6
26.6
26.5
26.5
26.4
26.3
26.1
26.1
26.3
26.6
26.6
26.0
24.4
23.8
23.5
23.5
23.8
24.1
24.4
25.0
25.5
25.6
25.6
25.5
24.7
24.3
24.1
23.9
23.8
23.7
23.9
23.6
23.7
23.5
23.6
23.6
24.9
25.7
26.1
26.3
26.3
26.2
26.1
26.1
26.0
26.1
26.0
26.0
26.0
26.0
25.8
25.8
25.6
25.6
26.1
26.5
26.5
26.2
25.8
25.7
25.7
25.6
25.5
25.4
25.5
25.4
25.5
25.5
25.6
25.7
25.7
25.8
25.8
25.7
25.7
25.7
25.8
25.8
25.8
25.8
25.7
25.7
